date Wed Mar 11 13:07:53 2026
CAN 1: Car_CAN
CAN 2: Key_CAN
1773230879.890181  2 0x2FC Rx d 8 [1, 0, 0, 0, 0, 0, 0, 0]
1773230880.164613  2 0x23A Rx d 8 [0, 0, 0, 0, 0, 0, 0, 0]
1773230884.898636  2 0x2FC Rx d 8 [1, 0, 0, 0, 0, 0, 0, 0]
1773230885.193022  2 0x23A Rx d 8 [0, 0, 0, 0, 0, 0, 0, 0]
1773230889.905506  2 0x2FC Rx d 8 [1, 0, 0, 0, 0, 0, 0, 0]
1773230890.223798  2 0x23A Rx d 8 [0, 0, 0, 0, 0, 0, 0, 0]
1773230891.914242  1 0x2CA Tx d 8 [4, 0, 0, 0, 0, 0, 0, 0]
1773230893.582415  2 0x2FC Rx d 8 [0, 4, 0, 0, 0, 0, 0, 0]
1773230893.866882  2 0x2FC Rx d 8 [0, 4, 0, 0, 0, 0, 0, 0]
1773230894.149478  2 0x2FC Rx d 8 [0, 4, 0, 0, 0, 0, 0, 0]
1773230894.442563  2 0x2AF Rx d 8 [0, 0, 0, 0, 0, 0, 0, 0]
1773230894.907482  2 0x2FC Rx d 8 [0, 4, 0, 0, 0, 0, 0, 0]
1773230895.179915  2 0x23A Rx d 8 [0, 0, 0, 0, 0, 0, 0, 0]
1773230898.59168  1 0x2CA Tx d 8 [68, 0, 0, 0, 0, 0, 0, 0]
1773230899.557647  2 0x2FC Rx d 8 [0, 68, 0, 0, 0, 0, 0, 0]
1773230899.843433  2 0x2FC Rx d 8 [0, 68, 0, 0, 0, 0, 0, 0]
1773230900.114619  2 0x2FC Rx d 8 [0, 68, 0, 0, 0, 0, 0, 0]
1773230900.38227  2 0x23A Rx d 8 [0, 0, 0, 0, 0, 0, 0, 0]
1773230900.643335  2 0x2FC Rx d 8 [0, 68, 0, 0, 0, 0, 0, 0]
1773230900.948018  2 0x2AF Rx d 8 [0, 0, 0, 0, 0, 0, 0, 0]
1773230903.903554  1 0x2CA Tx d 8 [84, 0, 0, 0, 0, 0, 0, 0]
1773230904.860345  2 0x2FC Rx d 8 [0, 84, 0, 0, 0, 0, 0, 0]
1773230905.140932  2 0x2FC Rx d 8 [0, 84, 0, 0, 0, 0, 0, 0]
1773230905.411117  2 0x23A Rx d 8 [0, 0, 0, 0, 0, 0, 0, 0]
1773230905.701478  2 0x2FC Rx d 8 [0, 84, 0, 0, 0, 0, 0, 0]
1773230905.980834  2 0x2FC Rx d 8 [0, 84, 0, 0, 0, 0, 0, 0]
1773230906.257774  2 0x2AF Rx d 8 [0, 0, 0, 0, 0, 0, 0, 0]
1773230909.923756  2 0x2FC Rx d 8 [0, 84, 0, 0, 0, 0, 0, 0]
1773230910.192897  2 0x23A Rx d 8 [0, 0, 0, 0, 0, 0, 0, 0]
1773230914.931551  2 0x2FC Rx d 8 [0, 84, 0, 0, 0, 0, 0, 0]
1773230915.211969  2 0x23A Rx d 8 [0, 0, 0, 0, 0, 0, 0, 0]
1773230919.935793  2 0x2FC Rx d 8 [0, 84, 0, 0, 0, 0, 0, 0]
1773230920.228938  2 0x23A Rx d 8 [0, 0, 0, 0, 0, 0, 0, 0]
1773230924.941189  2 0x2FC Rx d 8 [0, 84, 0, 0, 0, 0, 0, 0]
1773230925.21322  2 0x23A Rx d 8 [0, 0, 0, 0, 0, 0, 0, 0]
1773230927.927404  2 0x723 Tx d 8 [0, 128, 119, 83, 188, 2, 0, 0]
1773230928.078912  2 0x723 Tx d 8 [0, 128, 119, 83, 188, 2, 0, 0]
1773230928.214534  2 0x723 Tx d 8 [0, 130, 119, 83, 188, 2, 0, 0]
1773230928.350816  2 0x723 Tx d 8 [0, 128, 119, 83, 188, 2, 0, 0]
1773230929.949234  2 0x2FC Rx d 8 [4, 84, 0, 0, 0, 0, 0, 0]
1773230930.226328  2 0x23A Rx d 8 [0, 0, 4, 0, 0, 0, 0, 0]
1773230934.952423  2 0x2FC Rx d 8 [4, 84, 0, 0, 0, 0, 0, 0]
1773230935.270651  2 0x23A Rx d 8 [0, 0, 0, 0, 0, 0, 0, 0]
1773230939.958324  2 0x2FC Rx d 8 [4, 84, 0, 0, 0, 0, 0, 0]
1773230940.229627  2 0x23A Rx d 8 [0, 0, 0, 0, 0, 0, 0, 0]
1773230944.964307  2 0x2FC Rx d 8 [4, 84, 0, 0, 0, 0, 0, 0]
1773230945.229557  2 0x23A Rx d 8 [0, 0, 0, 0, 0, 0, 0, 0]
1773230949.970957  2 0x2FC Rx d 8 [4, 84, 0, 0, 0, 0, 0, 0]
1773230950.262239  2 0x23A Rx d 8 [0, 0, 0, 0, 0, 0, 0, 0]
1773230954.976954  2 0x2FC Rx d 8 [4, 84, 0, 0, 0, 0, 0, 0]
1773230955.252731  2 0x23A Rx d 8 [0, 0, 0, 0, 0, 0, 0, 0]
1773230959.981653  2 0x2FC Rx d 8 [4, 84, 0, 0, 0, 0, 0, 0]
1773230960.285005  2 0x23A Rx d 8 [0, 0, 0, 0, 0, 0, 0, 0]